Time;Jobs in queue: 0;Jobs in queue: 1;Jobs in queue: 2;Jobs in queue: 3;Jobs in queue: 4
0.0;1.0;0.0;0.0;0.0;0.0
0.1;0.9;0.1;0.0;0.0;0.0
0.2;0.8200000000000001;0.16999999999999998;0.010000000000000002;0.0;0.0
0.30000000000000004;0.7550000000000001;0.219;0.024999999999999998;0.0010000000000000002;0.0
0.4;0.7014000000000001;0.2532;0.042;0.0033000000000000004;1.0000000000000003E-4
0.5;0.6565800000000002;0.2769;0.05925;0.006850000000000001;4.200000000000001E-4
0.6000000000000001;0.6186120000000002;0.29310300000000006;0.075775;0.011447000000000002;0.0010630000000000001
0.7000000000000001;0.5860611000000001;0.30392110000000006;0.091075;0.016841400000000003;0.0021014000000000007
0.8;0.5578471;0.3108504900000001;0.10493625000000001;0.022790760000000004;0.003575400000000001
0.9;0.5331474390000001;0.3149587270000001;0.117313125;0.029083773000000007;0.005496936000000001
1.0;0.5113285678;0.3170130380000001;0.12825474999999997;0.035548024500000004;0.007855619700000002
1.1;0.49189701482000003;0.3175687621800001;0.13785990625;0.04204945657;0.010624860180000003
1.2000000000000002;0.47446418955600006;0.31703070185100013;0.14624974687499998;0.048488041898999995;0.013767319819
1.3;0.45872084078550013;0.3156959551239001;0.153551671875;0.05479214018859999;0.017239392027000002
1.4000000000000001;0.4444183522193401;0.3137840153651701;0.15989014703124999;0.060912818541079994;0.020994666843160002
1.5;0.4313549185339231;0.3114580622171951;0.165381801015625;0.06681873622030499;0.024986482012952
1.6;0.4193652329022503;0.3088401217287109;0.17013312065624997;0.07249181727910167;0.0291697074336873
1.7000000000000002;0.40831272178489636;0.3060219327388187;0.17423969042578125;0.07792373663227506;0.03350191841822874
1.8;0.3980836428802886;0.30307278741212273;0.17778631927773436;0.08311315019022104;0.03794410023963337
1.9000000000000001;0.38858255733347197;0.3000452261455005;0.18084764918242185;0.08806356210391363;0.04246100523469214
2.0;0.3797288242146748;0.29697920156798974;0.18348899817087888;0.0927817151248423;0.04702126092161429
2.1;0.3714538619500063;0.2939051434929471;0.1857672902059863;0.09727639800912316;0.05159730634193709
2.2;0.3636989901043004;0.29084623000995696;0.18773198631499607;0.10155757806209087;0.0561652155086557
2.3000000000000003;0.35641371409486605;0.2878200816498952;0.18942596985920165;0.10563578263203788;0.06070445176399921
2.4000000000000004;0.34955435085036896;0.2848400337153229;0.19088636231555461;0.10952166826795039;0.06519758485080307
2.5;0.34308291913686434;0.28191609828885067;0.192145260050771;0.11322572933099605;0.0696299931925178
2.6;0.33696623705206297;0.2790556965498441;0.1932303908026015;0.11675810878912572;0.0739895668063656
2.7;0.33117518300184107;0.27626422002534173;0.19416569317597818;0.12012848279219729;0.07826642100464162
2.8000000000000003;0.32568408670419113;0.2735454636380553;0.19497182482253644;0.12334599765181982;0.08245262718339719
2.9000000000000004;0.32047022439757755;0.270901962063117;0.19566660598701666;0.12641924332204924;0.08654196423023945
3.0;0.3155133981641315;0.26833525268895303;0.19626540532812994;0.129356251679365;0.09052969213942043
3.1;0.31079558361661364;0.26584608250038855;0.19678147469933574;0.13216451109024702;0.09441234809341488
3.2;0.3063006335049911;0.2634345718319058;0.19722623911853215;0.1348509911514727;0.0981875643930981
3.3000000000000003;0.30201402733768257;0.2611003447278769;0.1976095475931636;0.1374221732723412;0.10185390706893556
3.4000000000000004;0.297922659076702;0.25884263327538615;0.19793988987455272;0.13988408408408287;0.10541073368927611
3.5;0.29401465649657044;0.25666036151543437;0.1982245836355891;0.1422423296236492;0.10885806872875681
3.6;0.2902792269984568;0.25455221322556343;0.19846993602237964;0.14450212893535397;0.11219649481824605
3.7;0.2867065256211675;0.25251668688253437;0.19868138303399546;0.14666834623234573;0.11542705822995683
3.8000000000000003;0.2832875417473042;0.25055214037154383;0.19886360973868436;0.1487455211122718;0.11855118703019571
3.9000000000000004;0.28001400160972817;0.2486568274458339;0.19902065393932905;0.15073789656670544;0.1215706204384033
4.0;0.27687828419333876;0.24682892751157282;0.19915599555271718;0.1526494446911376;0.12448734805123354
4.1000000000000005;0.27387334852516215;0.24506656998386384;0.19927263366244477;0.15448389011330513;0.12730355771522392
4.2;0.27099267067103233;0.24336785420585172;0.19937315293967273;0.15624473122841098;0.13002159095503207
4.3;0.26823018902451423;0.24173086572575186;0.19945978089516445;0.15793525937219927;0.13264390498236994
4.4;0.265580256694638;0.24015368957256933;0.19953443722592668;0.15955857608551285;0.13517304042135286
4.5;0.2630375999824311;0.23863442105011193;0.19959877634654954;0.16111760863313823;0.13761159398776884
4.6000000000000005;0.2605972820891992;0.2371711744729876;0.19965422404556463;0.16261512393994243;0.1399621954523058
4.7;0.258254671327578;0.23576209019186645;0.19970200907774469;0.16405374110174098;0.14222748830106946
4.800000000000001;0.2560054132140069;0.23440534019402542;0.19974319039155647;0.1654359426192742;0.1444101135811366
4.9;0.25384540591200877;0.23309913251577669;0.19977868059457515;0.16676408449268865;0.14651269648495036
5.0;0.25177077857238556;0.23184171466327974;0.19980926617650666;0.16804040530210346;0.14853783528572417
5.1000000000000005;0.226593700715147;0.2338346210541903;0.20301251102518397;0.17121729138954378;0.1653418758159345
5.2;0.2039343306436323;0.233110529020286;0.2060947220280846;0.1743968133531078;0.1824636049548889
5.300000000000001;0.18354089757926909;0.23019290918262064;0.20879630272730476;0.17756660422060547;0.19990328629019968
5.4;0.16518680782134218;0.22552770802228547;0.21093596337283635;0.1806895740712754;0.21765994671226024
5.5;0.14866812703920795;0.21949361800219114;0.21239513783778124;0.18371421300143148;0.2357289041193878
5.6000000000000005;0.13380131433528716;0.2124110689058928;0.21310498585422222;0.18658230548506646;0.2541003254195309
5.7;0.12042118290175845;0.20455009344883224;0.21303559415938927;0.18923457352198203;0.27275855596803755
5.800000000000001;0.1083790646115826;0.19613720239412485;0.21218704408833358;0.19161467558572276;0.29168201332023574
5.9;0.09754115815042434;0.18736138861587062;0.2105820599189127;0.19367191243598383;0.31084348087880803
6.0;0.08778704233538191;0.178379365569326;0.20825999278860852;0.19536292718427672;0.3302106721224064
6.1000000000000005;0.07900833810184373;0.16932013324593156;0.20527193006668026;0.19665263374470993;0.34974696484083406
6.2;0.07195410495788901;0.16046871271562652;0.20163365390299554;0.19828003503238759;0.3676634933911009
6.300000000000001;0.06636338158925638;0.15202890135172645;0.19748362359555255;0.20030923150303553;0.38381486196042863
6.4;0.06200747695060663;0.14414417020913683;0.1929805354897822;0.20277925516914813;0.39808856218132577
6.5;0.0586896126597287;0.13690722818889672;0.18829287335530498;0.2057055693414551;0.41040471645461407
6.6000000000000005;0.056243332098478246;0.1303701077651401;0.18358962623831793;0.20908177842066905;0.42071515547739424
6.7;0.05453010212158463;0.12455401575266925;0.1790324389564707;0.2128815645141357;0.4290018786551393
6.800000000000001;0.05343648246076958;0.11945836920169384;0.17476931603060883;0.21706086295330432;0.435274969353623
6.9;0.05287116898276038;0.115068618400758;0.17092988322462513;0.22156027251704752;0.4395700568748085
7.0;0.052762139912518456;0.11136263037603228;0.1676221242603974;0.2263076738839045;0.4419454315671469
7.1000000000000005;0.05305405744006823;0.10831555602389914;0.16493045235313625;0.2312210068057159;0.44247892737718
7.2;0.05370600727737586;0.10590322546362409;0.1629149432151044;0.23621113699188845;0.4412646870520066
7.300000000000001;0.05468960007745571;0.10410420671008808;0.16161154306656342;0.24118473061781714;0.43840991952807506
7.4;0.05598741350586587;0.10290072290999575;0.16103306662174735;0.24604704914185854;0.43403174782053194
7.5;0.05759172275897898;0.10227865602940538;0.16117081102697997;0.25070457979735455;0.4282542303872806
7.6000000000000005;0.059503449685286494;0.10222687432718082;0.1619966281850006;0.25506742671456156;0.42120562108797
7.7;0.06173125466293231;0.10273611217161698;0.16346531668158348;0.2590514024114781;0.4130159140723885
7.800000000000001;0.06429069873122653;0.10379760880409566;0.16551721351762785;0.2625797773296661;0.40381470161738336
7.9;0.06720341365047248;0.10540168222102664;0.1680808837893581;0.26558466413435683;0.39372935620478544
8.0;0.07049623209642276;0.10753637951296272;0.1710758227652998;0.2680080318465477;0.3828835337787665
8.1;0.07420024683807676;0.11018630909654242;0.17441509934819088;0.2698023611316448;0.37139598358554465
8.200000000000001;0.07779885306392333;0.11301058189586069;0.17753094650137144;0.27042299719868934;0.36123662134015466
8.3;0.08132002594711707;0.11594144547321802;0.18036811511055215;0.2702151545431041;0.35215525892600813
8.4;0.08478216789972716;0.11892197048434136;0.18291015209007394;0.2694244610381393;0.3439612484877177
8.5;0.08819614815818858;0.12190680838645318;0.1851627648243072;0.26822670888829053;0.3365075697427598
8.6;0.09156721418101503;0.12486133800741214;0.18714356358692016;0.2667484005673391;0.3296794836573129
8.700000000000001;0.09489662656365475;0.12776014818272322;0.18887582472701123;0.26508102517829457;0.32338637534831555
8.8;0.0981829787255616;0.13058536367524515;0.19038477711771074;0.26329104015016835;0.31755584033131345
8.9;0.10142321722052997;0.13332506652452336;0.19169546207670995;0.2614268938650371;0.31212936031319893
9.0;0.1046134021509293;0.13597192114934267;0.192831565700324;0.25952399733102055;0.3070591136683828
9.1;0.10774925405077064;0.13852203370459948;0.19381484440829552;0.25760826580168705;0.3023056020346465
9.200000000000001;0.11082653201615353;0.1409740368095862;0.19466490547726506;0.25569865728564384;0.29783586841135057
9.3;0.1138412824954968;0.14332837319701083;0.19539919379133508;0.25380900321737665;0.29362214729877995
9.4;0.1167899915656482;0.14558674618629186;0.19603309267450683;0.2519493366829128;0.28964083289063963
9.5;0.11966966702771258;0.147751705373049;0.19658008242652594;0.2501268619028449;0.28587168326986695
9.600000000000001;0.12247787086224621;0.14982633924386304;0.19705192266881014;0.2483466660919152;0.2822972011331647
9.700000000000001;0.1252127177004079;0.15181405074819604;0.19745883866862593;0.24661224525372963;0.27890214762903975
9.8;0.12787285100518672;0.15371839623546021;0.19780970053509328;0.24492589483275026;0.2756731573915087
9.9;0.13045740552821405;0.15554297214239615;0.19811218953489565;0.24328900165886044;0.27259843113563287
10.0;0.13296596218963228;0.15729133722022787;0.19837294900804217;0.2417022633941412;0.2696674881879556
10.100000000000001;0.11966936597066904;0.15485879971716832;0.19426478782926074;0.23736933195553128;0.29383771452736973
10.200000000000001;0.10770242937360214;0.1513398563425184;0.19032418901805148;0.23305887754290422;0.3175746477229229
10.3;0.09693218643624192;0.14697611364562677;0.18642575575049816;0.2287854086904189;0.3408805354772133
10.4;0.08723896779261772;0.14197172092468827;0.18248079154001104;0.22454944339642682;0.3637590763462552
10.5;0.07851507101335595;0.13649844561148122;0.17842988447847874;0.22034257821078523;0.3862140206858979
10.600000000000001;0.07066356391202035;0.1307001081516687;0.174236740591779;0.21615130883755457;0.4082482785069764
10.700000000000001;0.06359720752081831;0.12469645372770385;0.16988307734776797;0.21195985201297698;0.42986340939073187
10.8;0.057237486768736474;0.1185865291070153;0.16536441498576157;0.2077521745464561;0.4510593945920296
10.9;0.051513738091862826;0.11245162487318743;0.16068662639788694;0.20351339859038664;0.4718346120466752
11.0;0.046362364282676545;0.10635783619505497;0.15586312624541698;0.19923072137113668;0.4921859519057138
11.100000000000001;0.04172612785440889;0.10035828900381713;0.1509125972403808;0.1948939618585647;0.5121090240428274
11.200000000000001;0.038055306513987086;0.09474784443005911;0.14607707323981536;0.19208190070766762;0.5290378751084697
11.3;0.03519725430688897;0.08959188292654947;0.14140419863351825;0.19085097770489043;0.5429556864281518
11.4;0.033021407120098316;0.08492960480018796;0.13696466874889196;0.19118787042860214;0.5538964489022186
11.5;0.03141785850409225;0.08077948631115309;0.13284562638761577;0.19301972183010346;0.5619373069670344
11.600000000000001;0.03029555981146185;0.07714497703235858;0.12914336476603167;0.19622525191427795;0.5671908464758688
11.700000000000001;0.02958035314128642;0.0740199869422791;0.12595598260711174;0.20064603103630105;0.5697976462730205
11.8;0.02921301737013755;0.07139378341044897;0.1233765347356501;0.2060973327266673;0.569919331757095
11.9;0.02914746696954175;0.06925501685942588;0.12148709152277067;0.21237813288878268;0.5677322917594778
12.0;0.02934919603126174;0.06759470523028797;0.12035398091790674;0.21927996590136273;0.5634221519191795
12.100000000000001;0.029794011689649964;0.0664081180947663;0.12002435259831765;0.22659447670390795;0.5571790409133568
12.200000000000001;0.030467057015897112;0.06569560035194999;0.12052408597376996;0.23411961532486864;0.5491936413335129
12.3;0.0313620873354244;0.0654624551556539;0.12185696917265387;0.24166450395027742;0.5396539843859889
12.4;0.03248093818699946;0.06571806178473594;0.1240050075314994;0.24905306670083627;0.5287429257959274
12.5;0.03383310869323103;0.06647443562723573;0.12692967709867664;0.2561265509205589;0.5166362276602962
12.600000000000001;0.03543538049595061;0.06774444604419333;0.1305739184881737;0.262745089293851;0.5035011656778299
12.700000000000001;0.03731139812989101;0.06953989728488749;0.13486466490822988;0.26878845832400156;0.48949558135298854
12.8;0.039491149586117345;0.07186965261737194;0.13971571058623622;0.27415618443988826;0.47476730277038476
12.9;0.04201030336306909;0.07473794753144428;0.1450307474361785;0.27876713770426775;0.45945386396503896
13.0;0.044909378042249384;0.07814299910555651;0.15070642452117355;0.2825587376722321;0.443682460658787
13.100000000000001;0.0482327401485801;0.08207597954078749;0.15663531329471772;0.28548587865578173;0.42757008836013155
13.200000000000001;0.05161706408780084;0.08614758897695977;0.1620644364554311;0.28680924309011036;0.41336166738969654
13.3;0.05507011657671673;0.090286221235891;0.16694723237105188;0.2869900048566011;0.40070642495973796
13.4;0.058591727042634156;0.09443071188348967;0.1712854085060907;0.2863573696183599;0.38933478294942425
13.5;0.062175625526719715;0.09853228306166423;0.17510713495505753;0.2851479148402394;0.3790370416163178
13.600000000000001;0.06581129128021417;0.10255410249750911;0.17845372775423637;0.28353274952932905;0.36964812893870996
13.700000000000001;0.06948557240194365;0.10646978390145233;0.1813716674060729;0.28163638529275786;0.36103659099777186
13.8;0.07318399355189453;0.1102615511019635;0.18390795084427933;0.2795499340745908;0.35309657042727044
13.9;0.07689174930690143;0.1139184353211882;0.1861075091930789;0.2773403993868276;0.34574190679200245
14.0;0.08059441790833011;0.1174346741069486;0.18801189082526468;0.27505726110797024;0.3389017560514849
14.100000000000001;0.08427844352819196;0.12080837015891835;0.1896587061817036;0.2727371735740512;0.3325173065571335
14.200000000000001;0.0879314361912646;0.12404041109812426;0.19108151931865983;0.2704073401331246;0.3265392932588253
14.3;0.09154233368195057;0.12713362442949186;0.19230999057805276;0.2680879533642482;0.3209260979462552
14.4;0.0951014627567047;0.13009213196959385;0.19337015024181622;0.26579397154382933;0.3156422834880545
14.5;0.09860052967799361;0.13292086687552718;0.19428473054479528;0.26353642060805055;0.310657452293632
14.600000000000001;0.10203256339774697;0.13562521952270062;0.195073513184194;0.2613233547702832;0.3059453491250738
14.700000000000001;0.10539182901024233;0.1382107832763546;0.19575366797665356;0.2591605700471533;0.3014831496895947
14.8;0.10867372443685355;0.14068317631977328;0.19634006971367363;0.2570521378043475;0.2972508917253506
14.9;0.11187466962514553;0.14304792047087134;0.196845587183351;0.25500080638738043;0.2932310163332503
15.0;0.1149919947097181;0.14531036205754672;0.19728134243250595;0.25300830546156444;0.28940799533866335
15.100000000000001;0.1034927952387463;0.14227852532276386;0.19208424439501;0.2474356091586586;0.3147088258848198
15.200000000000001;0.09314351571487167;0.1383999523143621;0.1871036724877854;0.24190047268229373;0.3394523868006857
15.3;0.08382916414338451;0.13387430865441308;0.1822333004704431;0.23642079266284288;0.36364243406891505
15.4;0.07544624772904605;0.1288697942033102;0.17739740128884007;0.2310020434436029;0.38728451333519937
15.5;0.06790162295614145;0.12352743955588379;0.17254464058028707;0.2256415792281266;0.41038471767955964
15.600000000000001;0.061111460660527306;0.11796485789590955;0.16764292047784674;0.22033188536334267;0.4329488756023723
15.700000000000001;0.055000314594474575;0.11227951817237132;0.162675114219653;0.21506298887479308;0.45498206413870657
15.8;0.04950028313502712;0.10655159781458165;0.15763555461492482;0.20982420140927907;0.47648836302618586
15.9;0.04455025482152441;0.1008464663466262;0.1525271589348905;0.20460533672984363;0.49747078316711385
16.0;0.04009522933937197;0.09521684519411602;0.14735908967606406;0.19939751895034832;0.5179313168400982
16.1;0.03608570640543477;0.08970468360864162;0.14214486522786926;0.1941936760229199;0.537871068735133
16.2;0.032925659182934504;0.08460498679641706;0.13716109111992172;0.19070718190697591;0.5546010809937494
16.3;0.03047914313260522;0.07996261507830386;0.1324409415954418;0.18899151181913823;0.5681257883745096
16.400000000000002;0.028630668045519253;0.07580144278149108;0.12804136749708347;0.18902346894509914;0.5785030527308057
16.5;0.02728363009659715;0.07212916380220574;0.12403701705448453;0.1907148504760117;0.5858353385706995
16.6;0.02635849618199258;0.06894230676295185;0.12051317756479481;0.19392507933622616;0.5902609401540331
16.7;0.025790915766681875;0.06623105182891122;0.11755844753775344;0.19847396498361725;0.5919456198830346
16.8;0.02552991100402558;0.06398349707249776;0.11525775107747444;0.20415392116051045;0.5910749196854901
16.900000000000002;0.025536259786522932;0.0621891086258496;0.1136861724802982;0.21074114409320602;0.5878473150141216
17.0;0.02578114369603387;0.060841191615367114;0.11290393981743418;0.21800542462335643;0.5824683002478067
17.1;0.026245088907198837;0.05993832423353714;0.11295273923752358;0.22571841992398672;0.575145427697752
17.2;0.026917187849323496;0.05948479352612255;0.1138534101748804;0.23366033728289748;0.5660842711667743
17.3;0.0277945566759585;0.059490149957368114;0.11560496413648563;0.24162508060512833;0.5554852486250575
17.400000000000002;0.028881960755591577;0.059968053550869795;0.11818479028903567;0.24942397987955942;0.5435412155249415
17.5;0.030191528428593302;0.060934615843013594;0.12154985988655576;0.25688826741568377;0.5304357284261516
17.6;0.031742471773959995;0.06240645040483722;0.12563871604688615;0.263870486238556;0.5163418755357586
17.7;0.03356074062895097;0.06439863379311342;0.13037403109801485;0.2702450203631652;0.5014215741167536
17.8;0.03567855043847051;0.06692275324761379;0.1356655254550625;0.2759079285057052;0.4858252423531461
17.900000000000002;0.0381337431869087;0.06998518246536983;0.14141306450887547;0.2807762464469106;0.4696917633919334
18.0;0.04096896120242796;0.07358568733165675;0.14750977858863826;0.2847869023628843;0.4531486705143908
18.1;0.04423063381535084;0.07771642384443202;0.15384508184036472;0.2878953668006103;0.43631249369924013
18.2;0.047579212818258956;0.08198071064111717;0.159637244536796;0.2893320509944487;0.4214707810093772
18.3;0.05101936260054478;0.08630621424839924;0.1648410717929934;0.2895764433501763;0.4082569080078843
18.400000000000002;0.054548047765330225;0.0906310148380732;0.16946112319425227;0.28897095266022876;0.39638886154211345
18.5;0.058156344472604524;0.09490572896641683;0.17352909530523203;0.28776176060181957;0.38564707065392495
18.6;0.06183128292198575;0.09909312715091712;0.17709002520100925;0.28612702507737137;0.3758585396487144
18.7;0.06555746734487888;0.1031666325330332;0.18019403538363626;0.28419647654686947;0.3668853881915801
18.8;0.06931838386369432;0.10710845629927808;0.1828915392148993;0.28206512359501723;0.35861649702710907
18.900000000000002;0.07309739110725269;0.11090775734728182;0.18523058936134898;0.2798029025002146;0.35096135968389985
19.0;0.0768784277312556;0.11455900392468561;0.18725553747382884;0.27746151690469656;0.34384551396553137
19.1;0.0806464853505986;0.11806059966025692;0.1890064820620013;0.27507931866769325;0.3372071142594479
19.200000000000003;0.08438789678156443;0.12141377646946554;0.19051917748239605;0.2726848145662995;0.3309943347002724
19.3;0.08809048475035453;0.12462172860196848;0.19182520108949336;0.2702992028713065;0.3251633826868751
19.400000000000002;0.09174360913551592;0.12768895146555956;0.1929522540189222;0.267938220674682;0.3196769647053182
19.5;0.09533814336852028;0.13062074748789143;0.19392452042916192;0.26561349841216964;0.3145030903022546
19.6;0.0988664037804574;0.13342286437008136;0.19476304093333566;0.2633335598028773;0.30961413111324604
19.700000000000003;0.1023220498394198;0.1361012359674444;0.1954860751639644;0.26110456504696;0.30498607398220917
19.8;0.10569996845222226;0.13866180127429395;0.19610944023261195;0.2589308669521853;0.30059792308868427
19.900000000000002;0.10899615173442943;0.14111038188791858;0.19664681900873748;0.25681542989387784;0.2964312174750343
20.0;0.11220757474977835;0.14345260258465156;0.19711003638516963;0.2547601475634794;0.29246963871691867
20.1;0.10098681727480052;0.14032809980116423;0.19174429300511783;0.24899513644564844;0.3179456534732666
20.200000000000003;0.09088813554732048;0.13639397154852786;0.18660267368472247;0.2432700521015954;0.3428451671178314
20.3;0.08179932199258842;0.1318433879484071;0.18158180347110303;0.23760331425990813;0.36717217232799093
20.400000000000002;0.07361938979332958;0.12683898135282523;0.17660796191883343;0.2320011631810276;0.39093250375398175
20.5;0.06625745081399662;0.12151702219687567;0.17163106386223262;0.22646184305480818;0.4141326200720845
20.6;0.059631705732596955;0.11599106505858778;0.16661965969569692;0.22097876513555062;0.43677880437756533
20.700000000000003;0.05366853515933726;0.11035512912598869;0.161556800231986;0.21554285459156525;0.4588766808911203
20.8;0.04830168164340354;0.10468646972932355;0.15643663312138625;0.2101442491556073;0.4804309663502768
20.900000000000002;0.04347151347906318;0.09904799092073155;0.15126161678217998;0.2047734875521852;0.5014453912658375
21.0;0.039124362131156866;0.09349034317656471;0.1460402541960351;0.19942230047518467;0.5219227400210561
21.1;0.035211925918041176;0.08805374507202392;0.14078526309408806;0.1940840958472697;0.5418649700685746
21.200000000000003;0.03213100205159718;0.08303322074673596;0.13577860545564754;0.19049311694305807;0.5585640548029588
21.3;0.029748234053904817;0.07847045272431119;0.1310512120996305;0.18870237517291602;0.572027725949235
21.400000000000002;0.027950467439379;0.07438694224790034;0.12665790360819787;0.18868713912723226;0.582317547577288
21.5;0.026643159540399107;0.07078871399425417;0.1226713921825488;0.19035682374432994;0.5895399105384656
21.6;0.025748561436215553;0.06767122550357604;0.11917526015276386;0.19356785775800522;0.5938370951494369
21.700000000000003;0.02520384205770128;0.06502408013631564;0.11625663461600233;0.19813667511922403;0.5953787680707544
21.8;0.0249593006567022;0.06283519573524324;0.11399918058564643;0.20385214432220541;0.5943541787002004
21.900000000000002;0.02497677842044171;0.061094165621405266;0.11247690065006849;0.2104869293236693;0.5909652259844129
22.0;0.025228338031360778;0.059794649977598764;0.1117490784375142;0.2178074498060427;0.5854204837474812
22.1;0.02569523672710464;0.058935740205970734;0.11185655415994906;0.22558226436626178;0.5779302045407113
22.200000000000003;0.026367178765722567;0.05852233462555294;0.11281938682589843;0.23358883005522527;0.5687022697275983
22.3;0.027241800966683487;0.05856464217159063;0.11463584819962348;0.24161869211263495;0.5579390165494649
22.400000000000002;0.028324322611168528;0.059076986442922044;0.11728261245116595;0.24948122880972778;0.5458348496850132
22.5;0.029627279401056215;0.06007611388032377;0.1207159529954409;0.2570061206351416;0.532574533088035
22.6;0.031170260001974877;0.061579218366030794;0.12487373165690671;0.26404473480513857;0.5183320551699465
22.700000000000003;0.03297957147105985;0.06360188359289529;0.12967796057967768;0.27047062011949996;0.5032699642368647
22.8;0.03508777442934997;0.06615611892458824;0.13503772894188434;0.2761792984154937;0.48753907928868107
22.900000000000002;0.03753304768962791;0.06924862937662106;0.14085230919277958;0.2810875217467196;0.47127849199424915
23.0;0.04035836271144412;0.0728794207904568;0.14701428640378802;0.2851321426648408;0.45461578742946746
23.1;0.043610468519345386;0.07704080154388866;0.15341258546856018;0.2882687215151982;0.43766742295300476
23.200000000000003;0.04695350182179971;0.08133494663390149;0.15926102068075684;0.2897229780543151;0.42272755280922414
23.3;0.050391646303009886;0.08568940955737683;0.16451460901342713;0.2899772397924502;0.4094270953337333
23.400000000000002;0.05392142262844658;0.09004215317754516;0.1691783521457244;0.2893759622686762;0.3974821097796049
23.5;0.05753349568335644;0.09434370001945322;0.17328449326120166;0.2881668160074739;0.386671495028512
23.6;0.061214516116966114;0.09855675891001839;0.17687864621165403;0.28652905163495046;0.3768210271264082
23.700000000000003;0.06494874039627134;0.10265472336087672;0.1800114980238201;0.28459320864176657;0.3677918295772624
23.8;0.06871933869273188;0.10661980253071052;0.1827339916193204;0.2824548996735215;0.35947196748371285
23.900000000000002;0.07250938507652974;0.11044117505577364;0.18509466351587953;0.2801845156491205;0.3517702607026937
24.0;0.07630256407445413;0.11411334490385983;0.18713829988319303;0.2778341049411537;0.34461168619733634
24.1;0.08008364215739469;0.11763476231885257;0.18890538489105577;0.27544228256097586;0.33793392807171807
24.200000000000003;0.08383875417354048;0.1210067125599271;0.19043201240082747;0.2730377573450581;0.33168476352064385
24.3;0.08755555001217913;0.12423244670537847;0.19175005691116048;0.27064188346819357;0.3258200629030853
24.400000000000002;0.09122323968149906;0.12731651805663674;0.1928874785462856;0.2682705187559794;0.32030224495959614
24.5;0.09483256751901283;0.13026428626808786;0.19386868651829012;0.2659353873553717;0.3150990723392344
24.6;0.09837573939392033;0.13308155441820058;0.19471491657697804;0.26364508577004986;0.3101827038408481
24.700000000000003;0.10184632089634835;0.1357743091316503;0.19544459728040747;0.2614058306578225;0.30552894203376835
24.8;0.10523911971987854;0.13834853912299583;0.19607369180327328;0.25922201845767556;0.30111663089617374
24.900000000000002;0.10855006166019027;0.14081011245071184;0.19661600920068578;0.25709664703608515;0.2969271696523239
25.0;0.11177606673924242;0.14316469704665707;0.19708348330922834;0.2550316355141691;0.29294411739070003
25.1;0.10059846006531818;0.14002583401591562;0.19169160468297122;0.249236820293675;0.31844728094211694
25.200000000000003;0.09053861405878637;0.13608309662085588;0.18652502761626566;0.24348229873260463;0.34337096297148445
25.3;0.08148475265290774;0.13152864836464892;0.1814808345167247;0.23778657162097072;0.3677191928447449
25.400000000000002;0.07333627738761696;0.12652425879347481;0.17648561590151712;0.2321559979105461;0.391497850006842
25.5;0.06600264964885526;0.12120546065288904;0.1714894801907129;0.2265889597096432;0.4147134497978966
25.6;0.05940238468396973;0.11568517955248565;0.1664610782369305;0.2210790117577502;0.4373723457688609
25.700000000000003;0.053462146215572756;0.11005690006563407;0.161383488368486;0.21561721840566822;0.4594802469446359
25.8;0.048115931594015476;0.10439742468062793;0.1562508295382008;0.21019384540195002;0.4810419687852028
25.900000000000002;0.043304338434613926;0.09876927537196668;0.1510654890524435;0.2047995438155751;0.5020613533253978
26.0;0.03897390459115253;0.0932227816782314;0.1458358676843958;0.19942613833926195;0.5225413077069553
26.1;0.03507651413203728;0.08779789396952353;0.14057455908377936;0.19406711127377532;0.5424839215408814
26.200000000000003;0.03200785218868117;0.08278963931134617;0.13556435533330374;0.19045994010611125;0.5591782130605546
26.3;0.029634963362926516;0.07823920775929924;0.13083583957883604;0.18865756435837494;0.5726324249405602
26.400000000000002;0.02784505514302335;0.07416773279695502;0.12644350226857543;0.18863501478915382;0.5829086950022894
26.5;0.026543904284660115;0.07058098042099425;0.12245975557182495;0.19030133714135866;0.590114022581159
26.6;0.025654038366718958;0.0674742421861316;0.11896791759598022;0.19351249612040028;0.5943913057307658
26.700000000000003;0.02511286179563101;0.06483703206648579;0.11605488741072796;0.19808440255626925;0.5959108161708829
26.8;0.02487087173839491;0.06265723997644879;0.11380413490639768;0.2038053755182266;0.5948623778605289
26.900000000000002;0.02489007416361337;0.06092447894984136;0.11228949503787597;0.2104475315507358;0.5914484202979304
27.0;0.025142668299994897;0.059632464195180125;0.11157010507215122;0.2177767678930736;0.5858779945395972
27.1;0.02561002467975441;0.05878036664951015;0.11168667412550021;0.22556116294330755;0.5783617716019247
27.200000000000003;0.026281942377502025;0.05837317936371403;0.11265914026288061;0.23357774753775074;0.5691079904581496
27.3;0.027156138901574665;0.05842121331904283;0.11448566060945616;0.2416177013854877;0.5583192857844358
27.400000000000002;0.028237903877154982;0.05893889495117288;0.11714279853085686;0.24949010029381613;0.5461903023469963
27.5;0.029539836136021583;0.059943069094348975;0.12058671929629562;0.25702438426124286;0.5329059912120881
27.6;0.031081582704495594;0.06145101956366224;0.12475517914847202;0.2640717382860615;0.5186404802973058
27.700000000000003;0.032889505999139014;0.06347840864453036;0.12957008792099822;0.27050558173320205;0.5035564157021274
27.8;0.03499622013401019;0.06603731111849098;0.13494043696738875;0.27622135323934033;0.48780467854076687
27.900000000000002;0.03743995612127336;0.0691344833464437;0.1407654068469746;0.2811357608892736;0.47152439279603187
28.0;0.04026373642705818;0.07276996835647712;0.14693749813093995;0.2851856455161857;0.45484315156933613
28.1;0.043514359620000075;0.07693609814098151;0.15334555989201826;0.2883265813829762;0.43787740096402106
28.200000000000003;0.04685653347209822;0.08123487046398704;0.15920271586601037;0.2897835611919849;0.42292231900591654
28.3;0.0502943671712871;0.08559382130500051;0.16446401585840548;0.2900393524407806;0.4096084432245234
28.400000000000002;0.053824312584658446;0.08995089534696966;0.16913453006130252;0.28943872786091734;0.3976515341461491
28.5;0.057436970860889565;0.09425660054217183;0.1732465863698307;0.288229588709479;0.3868302535176259
28.6;0.06111893382901779;0.0984736361568095;0.17684588802102966;0.28659135495632887;0.3769701870368112
28.700000000000003;0.06485440406179696;0.10257539111045236;0.17998320952813757;0.28465469147084715;0.36793230382876296
28.8;0.0686265027666625;0.10654407424735535;0.18270957588064002;0.2825153045123678;0.35960454259297137
28.900000000000002;0.0724182599147318;0.11036886726261451;0.1850735985804843;0.2802436554572554;0.351895618784911
29.0;0.07621332064952008;0.11404427965961322;0.18712013113637443;0.2778918461023438;0.3447304224521454
29.1;0.07999641655052939;0.11756876890628004;0.18888971748529526;0.275498532240727;0.3380465648171652
29.200000000000003;0.08375365178610444;0.12094362852860649;0.19041850410293693;0.27309245402282767;0.33179176155952145
29.3;0.08747264946035466;0.12417211841178934;0.19173841153749294;0.27069498978450796;0.3259218308058521
29.400000000000002;0.09114259635549812;0.12725880082921623;0.1928774400496241;0.2683220160619409;0.32039914670371766
29.5;0.09475421680286994;0.13020904430388522;0.193860033728815;0.2659852715248869;0.31519143363954
29.6;0.09829969955297148;0.13302866049627665;0.19470745856592922;0.263693363956745;0.31027081742807466
29.700000000000003;0.10177259564730201;0.13572364420891136;0.19543816929804553;0.26145251876479636;0.30561307208094174
29.8;0.10516770050346294;0.13829999186166386;0.1960681517358072;0.2592671391497358;0.3011970167493272
29.900000000000002;0.10848092963928303;0.1407635787132581;0.19661123448978574;0.25714022816830207;0.29700402898936806
30.0;0.11170919454668055;0.14312007938351334;0.1970793682799846;0.25507370888255704;0.2930176489072615
30.1;0.10053827509201249;0.13997899089983007;0.19168343939033747;0.2492742748222998;0.31852501979551723
30.200000000000003;0.09048444758281124;0.13603491931904832;0.18651299454128673;0.2435151912791036;0.34345244727774726
30.3;0.08143600282453012;0.13147987214542461;0.1814651870190629;0.23781497160532192;0.3678039664056576
30.400000000000002;0.07329240254207711;0.12647548521333515;0.17646665553169907;0.23217999314669602;0.3915854635661898
30.5;0.0659631622878694;0.12115717694620934;0.17146753849986268;0.2266086593851963;0.4148034628808594
30.6;0.05936684605908246;0.11563777548037535;0.16643650234449736;0.22109454729666295;0.437464328819379
30.700000000000003;0.05343016145317422;0.11001068253824606;0.16135662965808514;0.2156287428014464;0.4595737835490453
30.8;0.04808714530785679;0.10435263042973887;0.15622203494610123;0.21020153148711027;0.4811366578291899
30.900000000000002;0.043278430777071115;0.09872608191755067;0.151035094494465;0.20480358183300937;0.5021568109779009
31.0;0.038950587699364006;0.09318131680350272;0.14580419323677357;0.19942673309915493;0.5226371691612018
31.1;0.03505552892942761;0.08775824389308885;0.1405419055934465;0.19406447911291677;0.5425798424711173
31.200000000000003;0.03198876725595029;0.08275189070522451;0.13553115229100807;0.19045479857776076;0.5592733911700534
31.3;0.029617409437407507;0.07820337097615492;0.13080246259529724;0.18865061987500842;0.5727261371161289
31.400000000000002;0.02782871905830908;0.07413376119656732;0.12641027579257866;0.1886269369056541;0.5830003070468877
31.5;0.02652852237640952;0.07054878727466173;0.12242695755523904;0.19029273819717124;0.5902029945965153
31.6;0.02563938982063511;0.06744371504185093;0.1189357850432296;0.1935039165429616;0.5944771935513194
31.700000000000003;0.025098762289827128;0.06480804461977072;0.11602362198808368;0.19807630170323912;0.595993269399076
31.8;0.02485716762253639;0.06262966159466732;0.11377390804128282;0.20379812760107788;0.5949411351404322
31.900000000000002;0.024876637324069445;0.06089818205531884;0.11226045217901306;0.21044142594667253;0.5915233024949227
32.0;0.02512939178415185;0.059607329737760145;0.11154236898618833;0.21777201301457785;0.5859488964773184
32.1;0.02559681909262467;0.05875628790482073;0.111660347262765;0.2255578927848759;0.5784286529549103
32.2;0.026268733018127346;0.05835006428828805;0.11263430633068668;0.23357603004201666;0.5691708663208778
32.300000000000004;0.027142863573611897;0.05839898568381591;0.1144623855491266;0.2416175478476153;0.5583782173458268
32.4;0.028224511285698743;0.0589174944640407;0.11712113111199729;0.24949147513515021;0.5462453880031097
32.5;0.02952628476961172;0.05992245071156346;0.12056669152882234;0.25702721463359207;0.5329573583564071
32.6;0.03106784009601781;0.061431152178662705;0.12473680667995418;0.26407592310232625;0.5186882779430357
32.7;0.03287554826070905;0.06345927333050154;0.1295533705436148;0.2705109998473458;0.5036008080178255
32.800000000000004;0.03498203166773078;0.06601889908663691;0.13492535931312058;0.2762278706114634;0.48784583932104486
32.9;0.03742552941875502;0.06911679376512982;0.14075193930732308;0.28114323666549146;0.4715625008432971
33.0;0.04024907188456685;0.0727530061570007;0.14692559800212973;0.28519393702656615;0.45487838692973304
33.1;0.04349946531181024;0.07691987191427022;0.15333517272006048;0.2883355481144392;0.43790994193941635
33.2;0.04684150597205624;0.08121936133460324;0.15919368017891933;0.289792949957499;0.4229525025569186
33.300000000000004;0.05027929150831094;0.08557900768278015;0.16445617527234568;0.290048978239583;0.4096365472969766
33.4;0.05380926312575786;0.08993675282428978;0.16912773881011284;0.2894484548485986;0.3976777903912373
33.5;0.05742201209561105;0.0942431024530189;0.17324071181537912;0.28823931679901393;0.38685485683697346
33.6;0.06110412113135183;0.09846075435351413;0.17684081137750657;0.2866010103044464;0.3769933028331775
33.7;0.06483978445356807;0.10256309673369715;0.1799788255678013;0.2846642196646255;0.36795407358030435
33.800000000000004;0.06861211568158097;0.10653233838909465;0.1827057920940733;0.282524665646511;0.35962508818873645
33.9;0.07240413795233235;0.11035766148884113;0.1850703340788192;0.2802528205454898;0.3519150459345139
34.0;0.07619949030598322;0.11403357639418807;0.18711731546648847;0.2779007944377251;0.34474882339561147
34.1;0.07998289891480372;0.11755854169259762;0.18888728945638208;0.27550724943639004;0.3380640204998228
34.2;0.08374046319258312;0.12093385219119666;0.1904164106780044;0.27310093054473256;0.3318083433934796
34.300000000000004;0.08745980209244447;0.12416276914001609;0.19173660681599647;0.2707032198429344;0.32593760210860484
34.4;0.09113009879720164;0.12724985620285695;0.1928758843510922;0.26832999676680763;0.32041416388203775
34.5;0.09474207453776717;0.13020048327711495;0.19385869277784024;0.2659930022367591;0.31520574717051475
34.6;0.09828791541170195;0.13302046335325268;0.19470630277365958;0.2637008457842428;0.3102844726771392
34.7;0.10176117020585702;0.1357157925011383;0.19543717313267722;0.26145975417247413;0.30562610998784956
34.800000000000004;0.10515663243538516;0.13829246833476408;0.19606729317350302;0.25927413165003194;0.30120947440631196
34.9;0.10847021602532304;0.14075636722870005;0.19661049453728202;0.25714698207800707;0.29701594013068394
35.0;0.11169883114566075;0.14311316483922057;0.19707873056049632;0.25508022912920225;0.2930290443254162
35.1;0.10052894803109468;0.13997173146986458;0.19168217398836876;0.24928007927233167;0.3185370672383364
35.2;0.09047605322798521;0.1360274531259876;0.18651112973651834;0.2435202887439354;0.34346507516556957
35.300000000000004;0.08142844790518669;0.13147231313618737;0.18146276207546527;0.2378193728431937;0.3678171040399631
35.4;0.07328560311466802;0.1264679266130873;0.1764637171815375;0.23218371176642089;0.39159904132428247
35.5;0.06595704280320122;0.12114969426324539;0.17146413812469247;0.22661171230793253;0.4148174125009246
35.6;0.0593613385228811;0.11563042911724097;0.16643269373854774;0.22109695488960854;0.43747858373171783
35.7;0.05342520467059299;0.11000352005780499;0.16135246727641708;0.21563052877450245;0.45958827922067863
35.800000000000004;0.04808268420353369;0.1043456885190838;0.15621757255455587;0.21020272262469392;0.4811513320981289
35.9;0.04327441578318032;0.09871938808752878;0.15103038415100867;0.20480420761768012;0.5021716043605983
36.0;0.03894697420486229;0.09317489085709393;0.14579928454466068;0.19942682527101296;0.5226520251223663
36.1;0.03505227678437606;0.08775209919187077;0.140536845175904;0.19406407119837774;0.5425947076494676
36.2;0.031985809601897806;0.08274604068104147;0.13552600670761306;0.1904540017783858;0.559288141231058
36.300000000000004;0.02961468904851844;0.07819781723339282;0.13079729005566365;0.18864954366583525;0.572740659996586
36.4;0.027826187402167486;0.07412849650723945;0.12640512657758912;0.18862568504977936;0.5830145044632207
36.5;0.026526138592095527;0.07054379819813925;0.12242187473999797;0.1902914055908292;0.5902167828789342
36.6;0.025637119687839455;0.06743898415108134;0.11893080535708285;0.1935025869379487;0.5944905038660437
36.7;0.02509657724358795;0.0648035523409372;0.11601877668390866;0.19807504628770495;0.5960060474438574
36.800000000000004;0.024855043851161954;0.06262538768320627;0.11376922368574437;0.20379700436779066;0.5949533404120929
36.9;0.02487455497337401;0.06089410674010336;0.11225595131277241;0.21044047974135813;0.5915349072323883
37.0;0.02512733427934126;0.05960343456920053;0.11153807063479187;0.2177712761355959;0.5859598843810667
37.1;0.02559477257986716;0.058752556343494175;0.11165626730327292;0.22555738599778904;0.5784390177755729
